baseline: 0.1
calibration_time: 2017-10-22-19-24-54
gain: 0.9350000023841858
k: 27.0
limit: 1.0
radius: 0.0318
trim: -0.03999999910593033
