baseline: 0.1
calibration_time: 2016-05-12-04-45-00
gain: 1.399999976158142
k: 27.0
limit: 1.0
radius: 0.0318
trim: -0.05999999865889549
