camera_matrix:
  cols: 3
  data: [333.8295162349903, 0.0, 320.99504780543674, 0.0, 334.0079218510905, 225.1275170693749,
    0.0, 0.0, 1.0]
  rows: 3
camera_name: a313/camera_node
distortion_coefficients:
  cols: 5
  data: [-0.2883340991178613, 0.06648939727814177, 0.0033317398484824863, 0.0006118587866890126,
    0.0]
  rows: 1
distortion_model: plumb_bob
image_height: 480
image_width: 640
projection_matrix:
  cols: 4
  data: [241.20994567871094, 0.0, 321.77104624612184, 0.0, 0.0, 272.8459167480469,
    221.1737905343034, 0.0, 0.0, 0.0, 1.0, 0.0]
  rows: 3
rectification_matrix:
  cols: 3
  data: [1.0, 0.0, 0.0, 0.0, 1.0, 0.0, 0.0, 0.0, 1.0]
  rows: 3
