camera_matrix:
  cols: 3
  data: [331.47850620446627, 0.0, 317.36255249367, 0.0, 331.5682213880007, 223.79697014471424,
    0.0, 0.0, 1.0]
  rows: 3
camera_name: blindrider/camera_node
distortion_coefficients:
  cols: 5
  data: [-0.2910136547705023, 0.06399945742409571, 0.0021588127864878453, -4.1905940753852415e-05,
    0.0]
  rows: 1
distortion_model: plumb_bob
image_height: 480
image_width: 640
projection_matrix:
  cols: 4
  data: [234.5200958251953, 0.0, 317.2659733032451, 0.0, 0.0, 267.2994384765625, 217.12479176960915,
    0.0, 0.0, 0.0, 1.0, 0.0]
  rows: 3
rectification_matrix:
  cols: 3
  data: [1.0, 0.0, 0.0, 0.0, 1.0, 0.0, 0.0, 0.0, 1.0]
  rows: 3
