camera_matrix:
  cols: 3
  data: [335.7801854407566, 0.0, 321.47924199575573, 0.0, 331.79113629322364, 225.6855524778611,
    0.0, 0.0, 1.0]
  rows: 3
camera_name: patito/camera_node
distortion_coefficients:
  cols: 5
  data: [-0.28182500432661334, 0.06133352781875199, -0.0010291395535340908, 0.001500300266171333,
    0.0]
  rows: 1
distortion_model: plumb_bob
image_height: 480
image_width: 640
projection_matrix:
  cols: 4
  data: [237.8243865966797, 0.0, 323.2187849009588, 0.0, 0.0, 269.6340026855469, 216.74929353564585,
    0.0, 0.0, 0.0, 1.0, 0.0]
  rows: 3
rectification_matrix:
  cols: 3
  data: [1.0, 0.0, 0.0, 0.0, 1.0, 0.0, 0.0, 0.0, 1.0]
  rows: 3
