camera_matrix:
  cols: 3
  data: [329.460838586861, 0.0, 329.43226815850534, 0.0, 325.359894577577, 218.76134186181696,
    0.0, 0.0, 1.0]
  rows: 3
camera_name: patito/camera_node
distortion_coefficients:
  cols: 5
  data: [-0.2769270260432318, 0.059415791491499136, 0.0024771015399671224, -0.0007930175090921528,
    0.0]
  rows: 1
distortion_model: plumb_bob
image_height: 480
image_width: 640
projection_matrix:
  cols: 4
  data: [234.88363647460938, 0.0, 327.9790159205804, 0.0, 0.0, 263.07623291015625,
    210.17325108893783, 0.0, 0.0, 0.0, 1.0, 0.0]
  rows: 3
rectification_matrix:
  cols: 3
  data: [1.0, 0.0, 0.0, 0.0, 1.0, 0.0, 0.0, 0.0, 1.0]
  rows: 3
