camera_matrix:
  cols: 3
  data: [331.49345441693373, 0.0, 306.8771274803021, 0.0, 330.9665913671628, 226.0505073416853,
    0.0, 0.0, 1.0]
  rows: 3
camera_name: sharkduck/camera_node
distortion_coefficients:
  cols: 5
  data: [-0.2987724098608198, 0.07591669251162754, -0.0005208981821796512, -0.00022202504512874776,
    0.0]
  rows: 1
distortion_model: plumb_bob
image_height: 480
image_width: 640
projection_matrix:
  cols: 4
  data: [244.15115356445312, 0.0, 306.85541183944224, 0.0, 0.0, 266.7049560546875,
    218.0930913750999, 0.0, 0.0, 0.0, 1.0, 0.0]
  rows: 3
rectification_matrix:
  cols: 3
  data: [1.0, 0.0, 0.0, 0.0, 1.0, 0.0, 0.0, 0.0, 1.0]
  rows: 3
