camera_matrix:
  cols: 3
  data: [334.79526994319525, 0.0, 310.6804960957334, 0.0, 337.20212245707967, 218.9225457836768,
    0.0, 0.0, 1.0]
  rows: 3
camera_name: sharkduck/camera_node
distortion_coefficients:
  cols: 5
  data: [-0.28572739545026304, 0.06487451630706172, 0.0011126917031714456, -4.222299368441046e-05,
    0.0]
  rows: 1
distortion_model: plumb_bob
image_height: 480
image_width: 640
projection_matrix:
  cols: 4
  data: [240.3464813232422, 0.0, 311.31332085813665, 0.0, 0.0, 275.58087158203125,
    209.52491977188402, 0.0, 0.0, 0.0, 1.0, 0.0]
  rows: 3
rectification_matrix:
  cols: 3
  data: [1.0, 0.0, 0.0, 0.0, 1.0, 0.0, 0.0, 0.0, 1.0]
  rows: 3
