camera_matrix:
  cols: 3
  data: [336.3285391491665, 0.0, 316.09589954749293, 0.0, 339.27967324442494, 218.16725471139205,
    0.0, 0.0, 1.0]
  rows: 3
camera_name: sharkduck/camera_node
distortion_coefficients:
  cols: 5
  data: [-0.28307275539199106, 0.06545891982816683, -0.002103337690670203, 0.0007716011079856677,
    0.0]
  rows: 1
distortion_model: plumb_bob
image_height: 480
image_width: 640
projection_matrix:
  cols: 4
  data: [243.10128784179688, 0.0, 317.5769595064012, 0.0, 0.0, 277.75836181640625,
    205.41351292342006, 0.0, 0.0, 0.0, 1.0, 0.0]
  rows: 3
rectification_matrix:
  cols: 3
  data: [1.0, 0.0, 0.0, 0.0, 1.0, 0.0, 0.0, 0.0, 1.0]
  rows: 3
