camera_matrix:
  cols: 3
  data: [334.65794444644985, 0.0, 324.2063300771433, 0.0, 330.14557320709054, 224.6690343941576,
    0.0, 0.0, 1.0]
  rows: 3
camera_name: swaggyduck/camera_node
distortion_coefficients:
  cols: 5
  data: [-0.2516552493604875, 0.043118255180910496, 0.00276657199685576, 0.00044667880538993594,
    0.0]
  rows: 1
distortion_model: plumb_bob
image_height: 480
image_width: 640
projection_matrix:
  cols: 4
  data: [224.3151397705078, 0.0, 329.58811379846156, 0.0, 0.0, 274.84234619140625,
    220.0649912464105, 0.0, 0.0, 0.0, 1.0, 0.0]
  rows: 3
rectification_matrix:
  cols: 3
  data: [1.0, 0.0, 0.0, 0.0, 1.0, 0.0, 0.0, 0.0, 1.0]
  rows: 3
