camera_matrix:
  cols: 3
  data: [321.3060502588262, 0.0, 325.3363130794337, 0.0, 321.24686133645775, 217.80824739088123,
    0.0, 0.0, 1.0]
  rows: 3
camera_name: tick/camera_node
distortion_coefficients:
  cols: 5
  data: [-0.2691750734168046, 0.054890917128581365, 0.0015502193063685653, -0.0026967524139728588,
    0.0]
  rows: 1
distortion_model: plumb_bob
image_height: 480
image_width: 640
projection_matrix:
  cols: 4
  data: [227.4009552001953, 0.0, 321.515437514694, 0.0, 0.0, 258.9033203125, 207.3898616535589,
    0.0, 0.0, 0.0, 1.0, 0.0]
  rows: 3
rectification_matrix:
  cols: 3
  data: [1.0, 0.0, 0.0, 0.0, 1.0, 0.0, 0.0, 0.0, 1.0]
  rows: 3
