camera_matrix:
  cols: 3
  data: [326.5355008168129, 0.0, 314.27577165975714, 0.0, 325.9727771815576, 236.64212493706884,
    0.0, 0.0, 1.0]
  rows: 3
camera_name: waddlepower/camera_node
distortion_coefficients:
  cols: 5
  data: [-0.2389979148046141, 0.0371588085393249, 0.00013062940938315368, 0.0012107603578464334,
    0.0]
  rows: 1
distortion_model: plumb_bob
image_height: 480
image_width: 640
projection_matrix:
  cols: 4
  data: [215.00526428222656, 0.0, 312.96707575414075, 0.0, 0.0, 273.09185791015625,
    235.12595341752603, 0.0, 0.0, 0.0, 1.0, 0.0]
  rows: 3
rectification_matrix:
  cols: 3
  data: [1.0, 0.0, 0.0, 0.0, 1.0, 0.0, 0.0, 0.0, 1.0]
  rows: 3
