camera_matrix:
  cols: 3
  data: [351.449240052581, 0.0, 322.7814770378289, 0.0, 346.8439284710371, 244.63932831393402,
    0.0, 0.0, 1.0]
  rows: 3
camera_name: waddlepower/camera_node
distortion_coefficients:
  cols: 5
  data: [-0.24706256466427817, 0.040430208641073016, -0.0009281435723946092, 0.0007103175451017076,
    0.0]
  rows: 1
distortion_model: plumb_bob
image_height: 480
image_width: 640
projection_matrix:
  cols: 4
  data: [247.37216186523438, 0.0, 328.04721072778193, 0.0, 0.0, 296.85028076171875,
    245.68829725772957, 0.0, 0.0, 0.0, 1.0, 0.0]
  rows: 3
rectification_matrix:
  cols: 3
  data: [1.0, 0.0, 0.0, 0.0, 1.0, 0.0, 0.0, 0.0, 1.0]
  rows: 3
