camera_matrix:
  cols: 3
  data: [318.40474443298416, 0.0, 288.39062142738135, 0.0, 321.53243678209935, 226.23131147578098,
    0.0, 0.0, 1.0]
  rows: 3
camera_name: autopilot/camera_node
distortion_coefficients:
  cols: 5
  data: [-0.27274152389700296, 0.05102064195606277, 0.0024440341199707936, 0.0020834461375414887,
    0.0]
  rows: 1
distortion_model: plumb_bob
image_height: 480
image_width: 640
projection_matrix:
  cols: 4
  data: [215.79376220703125, 0.0, 293.37981105720246, 0.0, 0.0, 256.1556701660156,
    220.29508618446016, 0.0, 0.0, 0.0, 1.0, 0.0]
  rows: 3
rectification_matrix:
  cols: 3
  data: [1.0, 0.0, 0.0, 0.0, 1.0, 0.0, 0.0, 0.0, 1.0]
  rows: 3
