camera_matrix:
  cols: 3
  data: [315.24689706601373, 0.0, 326.5089374492984, 0.0, 320.6460410044151, 224.11829937922235,
    0.0, 0.0, 1.0]
  rows: 3
camera_name: lambo/camera_node
distortion_coefficients:
  cols: 5
  data: [-0.263254751769756, 0.04689070137043927, 0.00423268024447391, 0.0027568762231076054,
    0.0]
  rows: 1
distortion_model: plumb_bob
image_height: 480
image_width: 640
projection_matrix:
  cols: 4
  data: [215.16033935546875, 0.0, 327.82180315363803, 0.0, 0.0, 258.9068298339844,
    219.4915386850389, 0.0, 0.0, 0.0, 1.0, 0.0]
  rows: 3
rectification_matrix:
  cols: 3
  data: [1.0, 0.0, 0.0, 0.0, 1.0, 0.0, 0.0, 0.0, 1.0]
  rows: 3
